FINAL WEIGHTS FOR W NEURON:
[-0.0004149  -0.08507726  0.05561515 -0.01353904  0.04345184]
[-0.00012225  0.09549977  0.00755019 -0.00010515 -0.08594304]
[ 3.31704460e-04 -4.60160476e-02  6.99696730e-05  3.69795718e-02
  6.17560867e-02]
[-5.24843967e-05 -2.38467663e-02 -8.69259643e-02 -4.24711510e-02
  8.17738559e-02]
[ 0.00012305 -0.05721177 -0.00956305  0.08668006 -0.09462718]
[ 0.00026281  0.02032571  0.09013146 -0.05307579  0.01051862]
[ 0.00034564  0.08212432 -0.07325634  0.00584651  0.05112182]
[ 0.00028139  0.03404856 -0.00637788 -0.05807024 -0.00099436]
[-0.0004733  -0.02591703 -0.00488875 -0.02825143  0.06617657]
[-6.10373438e-05  5.36858829e-02 -3.73181385e-02  1.43950641e-02
 -4.49610789e-02]
[-1.71526280e-05 -9.43769901e-03 -2.94972389e-02  3.14901426e-02
 -2.59679491e-02]
[-0.00042394 -0.00852839  0.04347079 -0.01863884  0.07999727]
[ 6.45020461e-05 -6.38478502e-02  4.81804337e-02 -1.52583758e-02
 -1.45032583e-02]
[ 0.00012446  0.02699223  0.00459164 -0.01657416 -0.09932578]
[ 0.0003563  -0.08123828  0.0420192   0.00605439  0.04032166]
[ 0.00045862  0.0914923   0.03675008 -0.08784509 -0.03685599]
[-0.00033789  0.0182321  -0.05326125  0.09198255  0.08802713]
[-0.00025293  0.06947425 -0.00577822  0.06756603 -0.07452718]
[ 0.00018111 -0.03809144 -0.00739217  0.04901624 -0.00228034]
[-0.0003436  -0.07290338 -0.03154641 -0.03615134 -0.0409514 ]
[-0.00025458 -0.06710693 -0.01724738 -0.01111903  0.05423299]
[ 9.80271459e-05  5.93702034e-02  4.44142868e-03 -7.49117746e-03
  5.59548912e-02]
[-0.00028939  0.07722396  0.03471756  0.05925802  0.0869419 ]
[ 0.00031526 -0.09160104  0.07526757 -0.04364825 -0.00388755]
[ 0.0003904   0.05968124  0.04361636 -0.06929245  0.03295293]
FINAL WEIGHTS FOR F NEURON:
[-0.07581512 -0.01937781  0.07392479 -0.00418097  0.02968858  0.05535078
  0.07529054  0.06132959 -0.0880615  -0.00621457  0.00267756 -0.07779441
  0.01774651  0.02998586  0.07621222  0.09692901 -0.06159408 -0.04360467
  0.04245089 -0.06500372 -0.04480478  0.02601504 -0.05337192  0.06556346
  0.08120554]